# Datafile created by QuickNXS 2.0.44
# Datafile created using Mantid 4.2.0
# Date: 2020-11-22 12:30:19
# Type: Specular
# Input file indices: 32700,32705,32706
# Extracted states: +
#
# [Direct Beam Runs]
#    DB_ID        P0        PN     x_pos   x_width     y_pos   y_width    bg_pos  bg_width      dpix       tth    number      File
#        1         0         0     195.5        11     127.6     104.7      39.8      38.5       195         0     32628  /SNS/REF_M/IPTS-23176/nexus/REF_M_32628.nxs.h5
#        2         0         0     196.5        11       128     104.1      39.8      38.5       195         0     32629  /SNS/REF_M/IPTS-23176/nexus/REF_M_32629.nxs.h5
#        3         0         0     198.5        11       128     104.1      39.1      43.2       195         0     32630  /SNS/REF_M/IPTS-23176/nexus/REF_M_32630.nxs.h5
#
# [Data Runs]
#    scale        P0        PN     x_pos   x_width     y_pos   y_width    bg_pos  bg_width       fan      dpix       tth    number     DB_ID      File
#  24.1432         3        12     157.5        11     117.5        29     160.4      28.2     False       195  0.000466906     32700         1  /SNS/REF_M/IPTS-23176/nexus/REF_M_32700.nxs.h5
#   8.1444         0        10     159.5      13.9     125.2      37.5     139.8      66.1     False       195   1.02439     32705         2  /SNS/REF_M/IPTS-23176/nexus/REF_M_32705.nxs.h5
#   9.0611         1        36     161.1        13     130.4      41.5     160.5      44.9     False       195   3.76746     32706         3  /SNS/REF_M/IPTS-23176/nexus/REF_M_32706.nxs.h5
#
# [Global Options]
# name           value
# sample_length  20.0
#
# [Data]
#     Qz [1/A]	    R [a.u.]	   dR [a.u.]	   dQz [1/A]
9.344217e-03       9.805779e-01       9.869102e-02       2.141486e-04
9.577822e-03       1.019619e+00       9.568072e-02       2.197386e-04
9.817268e-03       9.680572e-01       8.689219e-02       2.254863e-04
1.006270e-02       1.077074e+00       8.553933e-02       2.313968e-04
1.031427e-02       1.053279e+00       7.996729e-02       2.374758e-04
1.057212e-02       1.040148e+00       7.611640e-02       2.437289e-04
1.083643e-02       1.038659e+00       7.269113e-02       2.501623e-04
1.110734e-02       1.040764e+00       6.849231e-02       2.567821e-04
1.138502e-02       1.071399e+00       6.641861e-02       2.635950e-04
1.166965e-02       1.027593e+00       6.276795e-02       2.706078e-04
1.196139e-02       1.051770e+00       5.983204e-02       2.778277e-04
1.226042e-02       1.037123e+00       5.872355e-02       2.852622e-04
1.256693e-02       9.777272e-01       5.416317e-02       2.929193e-04
1.288111e-02       9.777866e-01       5.379465e-02       3.008072e-04
1.320313e-02       9.580227e-01       5.234743e-02       3.089345e-04
1.353321e-02       1.001815e+00       4.936027e-02       3.173104e-04
1.387154e-02       1.008117e+00       4.654534e-02       3.259443e-04
1.421833e-02       1.019461e+00       4.476068e-02       3.348464e-04
1.457379e-02       9.993847e-01       4.372428e-02       3.440271e-04
1.493813e-02       9.091570e-01       4.117285e-02       3.534975e-04
1.531159e-02       8.852347e-01       4.099835e-02       3.632691e-04
1.569438e-02       8.322085e-01       3.937380e-02       3.733542e-04
1.608674e-02       8.651542e-01       3.954002e-02       3.837656e-04
1.648891e-02       7.950536e-01       3.786508e-02       3.945168e-04
1.690113e-02       7.503326e-01       3.785434e-02       4.056221e-04
1.732366e-02       6.673060e-01       3.639957e-02       4.170963e-04
1.775675e-02       6.364921e-01       3.598042e-02       4.289552e-04
1.820067e-02       5.926487e-01       3.413404e-02       4.412154e-04
1.865568e-02       4.852080e-01       3.091543e-02       4.538943e-04
1.912207e-02       4.064291e-01       2.812586e-02       4.670104e-04
1.960013e-02       3.385521e-01       2.558998e-02       4.805831e-04
2.009013e-02       2.598737e-01       2.259088e-02       4.946327e-04
2.059238e-02       2.210837e-01       2.029344e-02       5.091808e-04
2.110719e-02       1.612610e-01       1.733823e-02       5.242501e-04
2.163487e-02       1.346922e-01       4.864277e-03       5.146453e-04
2.217574e-02       9.585232e-02       3.531269e-03       5.279602e-04
2.273014e-02       7.097689e-02       1.196069e-02       5.728314e-04
2.329839e-02       5.363148e-02       2.343608e-03       5.557026e-04
2.388085e-02       4.799276e-02       9.835381e-03       6.083004e-04
2.447787e-02       3.246520e-02       1.616413e-03       5.850092e-04
2.508982e-02       3.417219e-02       1.550275e-03       6.002813e-04
2.571706e-02       3.679337e-02       1.531151e-03       6.159841e-04
2.635999e-02       3.720915e-02       1.461582e-03       6.321322e-04
2.701899e-02       3.903408e-02       1.420098e-03       6.487405e-04
2.769447e-02       4.138778e-02       1.377940e-03       6.658248e-04
2.838683e-02       4.375520e-02       1.349805e-03       6.834015e-04
2.909650e-02       4.241808e-02       1.279089e-03       7.014879e-04
2.982391e-02       3.847981e-02       1.171053e-03       7.201018e-04
3.056951e-02       3.407486e-02       1.060813e-03       7.392621e-04
3.133375e-02       3.179687e-02       1.000414e-03       7.589884e-04
3.211709e-02       2.795647e-02       9.150787e-04       7.793013e-04
3.292002e-02       2.072292e-02       7.679772e-04       8.002225e-04
3.374302e-02       1.535023e-02       6.200296e-04       8.217744e-04
3.458659e-02       1.167332e-02       5.164639e-04       8.439808e-04
3.545126e-02       8.399963e-03       4.253711e-04       8.668666e-04
3.633754e-02       4.877014e-03       3.176092e-04       8.904578e-04
3.724598e-02       2.511819e-03       2.313877e-04       9.147818e-04
3.817713e-02       1.121982e-03       1.644441e-04       9.398674e-04
3.913156e-02       6.442069e-04       1.305328e-04       9.657448e-04
4.010984e-02       2.003776e-04       8.873709e-05       9.924456e-04
4.111259e-02       6.552196e-04       1.246874e-04       1.020003e-03
4.214041e-02       8.346774e-04       1.374882e-04       1.048453e-03
4.319392e-02       1.305648e-03       1.681148e-04       1.077832e-03
4.427376e-02       1.485076e-03       1.831814e-04       1.108178e-03
4.538061e-02       1.588954e-03       1.881152e-04       1.139533e-03
4.651512e-02       1.553979e-03       1.831398e-04       1.171940e-03
4.767800e-02       1.161286e-03       1.582889e-04       1.205444e-03
4.886995e-02       1.099060e-03       1.524660e-04       1.240093e-03
5.009170e-02       7.742211e-04       1.302885e-04       1.275937e-03
5.134399e-02       5.112930e-04       1.094268e-04       1.313029e-03
5.262759e-02       2.426029e-04       8.545325e-05       1.351425e-03
5.394328e-02       4.378696e-04       1.021577e-04       1.391183e-03
5.529186e-02       4.420647e-04       1.002725e-04       1.432368e-03
5.667416e-02       4.878775e-04       1.045329e-04       1.475042e-03
5.809101e-02       5.021874e-04       1.066103e-04       1.519276e-03
5.954329e-02       5.106546e-04       9.041587e-05       1.430385e-03
6.103187e-02       5.403307e-04       8.576650e-05       1.467463e-03
6.255767e-02       5.829046e-04       8.215811e-05       1.505568e-03
6.412161e-02       4.856630e-04       7.381036e-05       1.544733e-03
6.572465e-02       5.043401e-04       6.932630e-05       1.584993e-03
6.736777e-02       2.837502e-04       5.275344e-05       1.626384e-03
6.905196e-02       2.670293e-04       4.796083e-05       1.668943e-03
7.077826e-02       1.442555e-04       3.464108e-05       1.712710e-03
7.254772e-02       4.950596e-05       2.348604e-05       1.757726e-03
7.436141e-02       3.286386e-05       2.035484e-05       1.804033e-03
7.622044e-02       5.834781e-05       2.178922e-05       1.851676e-03
7.812596e-02       5.310371e-05       2.068292e-05       1.900701e-03
8.007910e-02       7.341013e-05       2.063917e-05       1.951158e-03
8.208108e-02       4.683097e-05       1.735886e-05       2.003098e-03
8.413311e-02       4.159393e-05       1.722852e-05       2.056574e-03
8.623644e-02       2.246017e-05       1.394520e-05       2.111642e-03
8.839235e-02       1.009614e-05       1.243416e-05       2.168360e-03
